TXT
MeshData
	maxDiffuseMipLevel 0
	hasValidTangents TRUE
	BoundingRadius 399.331482
	MaxBoundingExtents [ 204.509125 132.405563 390.935516 ]
	MinBoundingExtents [ -237.906235 -96.097336 -311.256531 ]
	NumMaterials 1
	Material
		DiffuseTextureFileName "CapitalTechSiege-cl.dds"
		SelfIlluminationTextureFileName "CapitalTechSiege-da.dds"
		NormalTextureFileName "CapitalTechSiege-nm.dds"
		DisplacementTextureFileName ""
		TeamColorTextureFileName ""
		Diffuse ffffffff
		Ambient ffffffff
		Specular ffffffff
		Emissive ffffffff
		Glossiness 30.000000
	NumPoints 71
	Point
		DataString "Aura"
		Position [ 0.000000 -172.677948 0.000000 ]
		Orientation
			 [ 1.000000 0.000000 0.000000 ]
			 [ 0.000000 1.000000 0.000000 ]
			 [ 0.000000 0.000000 1.000000 ]
	Point
		DataString "Above"
		Position [ 0.000000 174.163925 0.000000 ]
		Orientation
			 [ 1.000000 0.000000 0.000000 ]
			 [ 0.000000 1.000000 0.000000 ]
			 [ 0.000000 0.000000 1.000000 ]
	Point
		DataString "Center"
		Position [ 0.000000 0.000000 0.000000 ]
		Orientation
			 [ -0.000000 0.000000 1.000000 ]
			 [ 0.000000 1.000000 0.000000 ]
			 [ -1.000000 0.000000 -0.000000 ]
	Point
		DataString "Ability-0"
		Position [ 191.625580 13.036841 -23.908274 ]
		Orientation
			 [ 1.000000 0.000000 0.000000 ]
			 [ 0.000000 1.000000 0.000000 ]
			 [ 0.000000 0.000000 1.000000 ]
	Point
		DataString "Weapon-3"
		Position [ 11.118577 -20.469473 313.243988 ]
		Orientation
			 [ 1.000000 0.000000 0.000000 ]
			 [ 0.000000 1.000000 0.000000 ]
			 [ 0.000000 0.000000 1.000000 ]
	Point
		DataString "Weapon-3"
		Position [ -0.257849 -1.202232 313.243988 ]
		Orientation
			 [ 1.000000 0.000000 0.000000 ]
			 [ 0.000000 1.000000 0.000000 ]
			 [ 0.000000 0.000000 1.000000 ]
	Point
		DataString "Exhaust"
		Position [ 129.916382 1.176329 -291.072205 ]
		Orientation
			 [ -1.000000 0.000000 -0.000000 ]
			 [ 0.000000 1.000000 0.000000 ]
			 [ 0.000000 0.000000 -1.000000 ]
	Point
		DataString "Exhaust"
		Position [ 63.293411 2.642388 -273.447327 ]
		Orientation
			 [ -1.000000 0.000000 -0.000000 ]
			 [ 0.000000 1.000000 0.000000 ]
			 [ 0.000000 0.000000 -1.000000 ]
	Point
		DataString "Exhaust"
		Position [ 9.861743 2.642388 -273.447327 ]
		Orientation
			 [ -1.000000 0.000000 -0.000000 ]
			 [ 0.000000 1.000000 0.000000 ]
			 [ 0.000000 0.000000 -1.000000 ]
	Point
		DataString "Exhaust"
		Position [ -43.245350 2.642388 -273.447327 ]
		Orientation
			 [ -1.000000 0.000000 -0.000000 ]
			 [ 0.000000 1.000000 0.000000 ]
			 [ 0.000000 0.000000 -1.000000 ]
	Point
		DataString "Exhaust"
		Position [ -113.244514 1.176329 -291.072205 ]
		Orientation
			 [ -1.000000 0.000000 -0.000000 ]
			 [ 0.000000 1.000000 0.000000 ]
			 [ 0.000000 0.000000 -1.000000 ]
	Point
		DataString "Hangar"
		Position [ 49.433491 -74.524612 8.247666 ]
		Orientation
			 [ -0.000000 -0.500000 -0.866025 ]
			 [ -0.000000 -0.866025 0.500000 ]
			 [ -1.000000 0.000000 -0.000000 ]
	Point
		DataString "Hangar"
		Position [ 15.845512 -74.524612 8.247670 ]
		Orientation
			 [ -0.000000 -0.500000 -0.866025 ]
			 [ -0.000000 -0.866025 0.500000 ]
			 [ -1.000000 0.000000 -0.000000 ]
	Point
		DataString "Weapon-1"
		Position [ -191.720184 -59.663380 -14.930328 ]
		Orientation
			 [ -0.000000 0.000000 1.000000 ]
			 [ 0.000000 1.000000 0.000000 ]
			 [ -1.000000 0.000000 -0.000000 ]
	Point
		DataString "Weapon-1"
		Position [ -191.720184 -59.663380 12.545065 ]
		Orientation
			 [ -0.000000 0.000000 1.000000 ]
			 [ 0.000000 1.000000 0.000000 ]
			 [ -1.000000 0.000000 -0.000000 ]
	Point
		DataString "Weapon-1"
		Position [ -191.720184 -59.663380 40.020458 ]
		Orientation
			 [ -0.000000 0.000000 1.000000 ]
			 [ 0.000000 1.000000 0.000000 ]
			 [ -1.000000 0.000000 -0.000000 ]
	Point
		DataString "Weapon-2"
		Position [ 129.321091 25.127628 112.666412 ]
		Orientation
			 [ 1.000000 0.000000 0.000000 ]
			 [ 0.000000 1.000000 0.000000 ]
			 [ 0.000000 0.000000 1.000000 ]
	Point
		DataString "Weapon-2"
		Position [ 113.672531 25.127628 117.247551 ]
		Orientation
			 [ 1.000000 0.000000 0.000000 ]
			 [ 0.000000 1.000000 0.000000 ]
			 [ 0.000000 0.000000 1.000000 ]
	Point
		DataString "Weapon-2"
		Position [ 129.321091 5.643929 107.740967 ]
		Orientation
			 [ 1.000000 0.000000 0.000000 ]
			 [ 0.000000 1.000000 0.000000 ]
			 [ 0.000000 0.000000 1.000000 ]
	Point
		DataString "Weapon-2"
		Position [ 113.672531 5.643929 112.322113 ]
		Orientation
			 [ 1.000000 0.000000 0.000000 ]
			 [ 0.000000 1.000000 0.000000 ]
			 [ 0.000000 0.000000 1.000000 ]
	Point
		DataString "Weapon-2"
		Position [ 129.321091 -14.280458 101.918579 ]
		Orientation
			 [ 1.000000 0.000000 0.000000 ]
			 [ 0.000000 1.000000 0.000000 ]
			 [ 0.000000 0.000000 1.000000 ]
	Point
		DataString "Weapon-2"
		Position [ 113.672531 -14.280458 106.499718 ]
		Orientation
			 [ 1.000000 0.000000 0.000000 ]
			 [ 0.000000 1.000000 0.000000 ]
			 [ 0.000000 0.000000 1.000000 ]
	Point
		DataString "Weapon-2"
		Position [ 95.142967 -26.556465 259.267120 ]
		Orientation
			 [ -0.000000 0.000000 -1.000000 ]
			 [ 0.000000 1.000000 0.000000 ]
			 [ 1.000000 0.000000 -0.000000 ]
	Point
		DataString "Weapon-2"
		Position [ 95.142967 -26.556465 235.080582 ]
		Orientation
			 [ -0.000000 0.000000 -1.000000 ]
			 [ 0.000000 1.000000 0.000000 ]
			 [ 1.000000 0.000000 -0.000000 ]
	Point
		DataString "Weapon-1"
		Position [ -84.996864 -56.426495 178.750610 ]
		Orientation
			 [ 1.000000 0.000000 0.000000 ]
			 [ 0.000000 1.000000 0.000000 ]
			 [ 0.000000 0.000000 1.000000 ]
	Point
		DataString "Weapon-1"
		Position [ -103.675873 -56.426495 178.750626 ]
		Orientation
			 [ 1.000000 0.000000 0.000000 ]
			 [ 0.000000 1.000000 0.000000 ]
			 [ 0.000000 0.000000 1.000000 ]
	Point
		DataString "Weapon-1"
		Position [ -122.319000 -56.426495 178.750626 ]
		Orientation
			 [ 1.000000 0.000000 0.000000 ]
			 [ 0.000000 1.000000 0.000000 ]
			 [ 0.000000 0.000000 1.000000 ]
	Point
		DataString "Weapon-0"
		Position [ -159.130554 -0.467170 74.856743 ]
		Orientation
			 [ 1.000000 0.000000 0.000000 ]
			 [ 0.000000 0.984298 -0.176515 ]
			 [ 0.000000 0.176515 0.984298 ]
	Point
		DataString "Weapon-0"
		Position [ -190.469360 -0.467170 74.856743 ]
		Orientation
			 [ 1.000000 0.000000 0.000000 ]
			 [ 0.000000 0.984298 -0.176515 ]
			 [ 0.000000 0.176515 0.984298 ]
	Point
		DataString "Weapon-0"
		Position [ -159.130554 -16.784248 78.048950 ]
		Orientation
			 [ 1.000000 0.000000 0.000000 ]
			 [ 0.000000 0.984298 -0.176515 ]
			 [ 0.000000 0.176515 0.984298 ]
	Point
		DataString "Weapon-0"
		Position [ -190.469360 -16.784248 78.048950 ]
		Orientation
			 [ 1.000000 0.000000 0.000000 ]
			 [ 0.000000 0.984298 -0.176515 ]
			 [ 0.000000 0.176515 0.984298 ]
	Point
		DataString "Weapon-0"
		Position [ -99.861946 -0.471224 99.797096 ]
		Orientation
			 [ 1.000000 0.000000 0.000000 ]
			 [ 0.000000 0.984298 -0.176515 ]
			 [ 0.000000 0.176515 0.984298 ]
	Point
		DataString "Weapon-0"
		Position [ -99.861946 -16.788303 102.989304 ]
		Orientation
			 [ 1.000000 0.000000 0.000000 ]
			 [ 0.000000 0.984298 -0.176515 ]
			 [ 0.000000 0.176515 0.984298 ]
	Point
		DataString "Weapon-0"
		Position [ -68.523140 -16.788303 102.989304 ]
		Orientation
			 [ 1.000000 0.000000 0.000000 ]
			 [ 0.000000 0.984298 -0.176515 ]
			 [ 0.000000 0.176515 0.984298 ]
	Point
		DataString "Weapon-0"
		Position [ -68.523140 -0.471224 99.797096 ]
		Orientation
			 [ 1.000000 0.000000 0.000000 ]
			 [ 0.000000 0.984298 -0.176515 ]
			 [ 0.000000 0.176515 0.984298 ]
	Point
		DataString "Ability-3"
		Position [ -76.328148 -16.788303 102.989304 ]
		Orientation
			 [ 1.000000 0.000000 0.000000 ]
			 [ 0.000000 0.984298 -0.176515 ]
			 [ 0.000000 0.176515 0.984298 ]
	Point
		DataString "Ability-3"
		Position [ -159.130554 -0.467170 74.856743 ]
		Orientation
			 [ 1.000000 0.000000 0.000000 ]
			 [ 0.000000 0.984298 -0.176515 ]
			 [ 0.000000 0.176515 0.984298 ]
	Point
		DataString "Weapon-3"
		Position [ 22.609249 -1.202232 313.243988 ]
		Orientation
			 [ 1.000000 0.000000 0.000000 ]
			 [ 0.000000 1.000000 0.000000 ]
			 [ 0.000000 0.000000 1.000000 ]
	Point
		DataString "Ability-3"
		Position [ -166.935562 -0.467170 74.856743 ]
		Orientation
			 [ 1.000000 0.000000 0.000000 ]
			 [ 0.000000 0.984298 -0.176515 ]
			 [ 0.000000 0.176515 0.984298 ]
	Point
		DataString "Ability-3"
		Position [ -182.786072 -0.467170 74.856743 ]
		Orientation
			 [ 1.000000 0.000000 0.000000 ]
			 [ 0.000000 0.984298 -0.176515 ]
			 [ 0.000000 0.176515 0.984298 ]
	Point
		DataString "Ability-3"
		Position [ -190.469360 -0.467170 74.856743 ]
		Orientation
			 [ 1.000000 0.000000 0.000000 ]
			 [ 0.000000 0.984298 -0.176515 ]
			 [ 0.000000 0.176515 0.984298 ]
	Point
		DataString "Ability-3"
		Position [ -198.274368 -0.467170 74.856743 ]
		Orientation
			 [ 1.000000 0.000000 0.000000 ]
			 [ 0.000000 0.984298 -0.176515 ]
			 [ 0.000000 0.176515 0.984298 ]
	Point
		DataString "Ability-3"
		Position [ -151.447266 -16.784248 78.048950 ]
		Orientation
			 [ 1.000000 0.000000 0.000000 ]
			 [ 0.000000 0.984298 -0.176515 ]
			 [ 0.000000 0.176515 0.984298 ]
	Point
		DataString "Ability-3"
		Position [ -159.130554 -16.784248 78.048950 ]
		Orientation
			 [ 1.000000 0.000000 0.000000 ]
			 [ 0.000000 0.984298 -0.176515 ]
			 [ 0.000000 0.176515 0.984298 ]
	Point
		DataString "Ability-3"
		Position [ -166.935562 -16.784248 78.048950 ]
		Orientation
			 [ 1.000000 0.000000 0.000000 ]
			 [ 0.000000 0.984298 -0.176515 ]
			 [ 0.000000 0.176515 0.984298 ]
	Point
		DataString "Ability-3"
		Position [ -182.786072 -16.784248 78.048950 ]
		Orientation
			 [ 1.000000 0.000000 0.000000 ]
			 [ 0.000000 0.984298 -0.176515 ]
			 [ 0.000000 0.176515 0.984298 ]
	Point
		DataString "Ability-3"
		Position [ -190.469360 -16.784248 78.048950 ]
		Orientation
			 [ 1.000000 0.000000 0.000000 ]
			 [ 0.000000 0.984298 -0.176515 ]
			 [ 0.000000 0.176515 0.984298 ]
	Point
		DataString "Ability-3"
		Position [ -198.274368 -16.784248 78.048950 ]
		Orientation
			 [ 1.000000 0.000000 0.000000 ]
			 [ 0.000000 0.984298 -0.176515 ]
			 [ 0.000000 0.176515 0.984298 ]
	Point
		DataString "Ability-3"
		Position [ -92.178650 -0.471224 99.797096 ]
		Orientation
			 [ 1.000000 0.000000 0.000000 ]
			 [ 0.000000 0.984298 -0.176515 ]
			 [ 0.000000 0.176515 0.984298 ]
	Point
		DataString "Ability-3"
		Position [ -99.861946 -0.471224 99.797096 ]
		Orientation
			 [ 1.000000 0.000000 0.000000 ]
			 [ 0.000000 0.984298 -0.176515 ]
			 [ 0.000000 0.176515 0.984298 ]
	Point
		DataString "Ability-3"
		Position [ -107.666954 -0.471224 99.797096 ]
		Orientation
			 [ 1.000000 0.000000 0.000000 ]
			 [ 0.000000 0.984298 -0.176515 ]
			 [ 0.000000 0.176515 0.984298 ]
	Point
		DataString "Ability-3"
		Position [ -92.178650 -16.788303 102.989304 ]
		Orientation
			 [ 1.000000 0.000000 0.000000 ]
			 [ 0.000000 0.984298 -0.176515 ]
			 [ 0.000000 0.176515 0.984298 ]
	Point
		DataString "Ability-3"
		Position [ -99.861946 -16.788303 102.989304 ]
		Orientation
			 [ 1.000000 0.000000 0.000000 ]
			 [ 0.000000 0.984298 -0.176515 ]
			 [ 0.000000 0.176515 0.984298 ]
	Point
		DataString "Ability-3"
		Position [ -107.666954 -16.788303 102.989304 ]
		Orientation
			 [ 1.000000 0.000000 0.000000 ]
			 [ 0.000000 0.984298 -0.176515 ]
			 [ 0.000000 0.176515 0.984298 ]
	Point
		DataString "Ability-3"
		Position [ -60.839848 -16.788303 102.989304 ]
		Orientation
			 [ 1.000000 0.000000 0.000000 ]
			 [ 0.000000 0.984298 -0.176515 ]
			 [ 0.000000 0.176515 0.984298 ]
	Point
		DataString "Ability-3"
		Position [ -68.523140 -16.788303 102.989304 ]
		Orientation
			 [ 1.000000 0.000000 0.000000 ]
			 [ 0.000000 0.984298 -0.176515 ]
			 [ 0.000000 0.176515 0.984298 ]
	Point
		DataString "Ability-3"
		Position [ -151.447266 -0.467170 74.856743 ]
		Orientation
			 [ 1.000000 0.000000 0.000000 ]
			 [ 0.000000 0.984298 -0.176515 ]
			 [ 0.000000 0.176515 0.984298 ]
	Point
		DataString "Ability-3"
		Position [ -76.328148 -0.471224 99.797096 ]
		Orientation
			 [ 1.000000 0.000000 0.000000 ]
			 [ 0.000000 0.984298 -0.176515 ]
			 [ 0.000000 0.176515 0.984298 ]
	Point
		DataString "Ability-3"
		Position [ -68.523140 -0.471224 99.797096 ]
		Orientation
			 [ 1.000000 0.000000 0.000000 ]
			 [ 0.000000 0.984298 -0.176515 ]
			 [ 0.000000 0.176515 0.984298 ]
	Point
		DataString "Ability-3"
		Position [ -60.839848 -0.471224 99.797096 ]
		Orientation
			 [ 1.000000 0.000000 0.000000 ]
			 [ 0.000000 0.984298 -0.176515 ]
			 [ 0.000000 0.176515 0.984298 ]
	Point
		DataString "Ability-1"
		Position [ 11.118577 -20.469473 313.243988 ]
		Orientation
			 [ 1.000000 0.000000 0.000000 ]
			 [ 0.000000 1.000000 0.000000 ]
			 [ 0.000000 0.000000 1.000000 ]
	Point
		DataString "Ability-1"
		Position [ -0.257849 -1.202232 313.243988 ]
		Orientation
			 [ 1.000000 0.000000 0.000000 ]
			 [ 0.000000 1.000000 0.000000 ]
			 [ 0.000000 0.000000 1.000000 ]
	Point
		DataString "Ability-1"
		Position [ 22.609249 -1.202232 313.243988 ]
		Orientation
			 [ 1.000000 0.000000 0.000000 ]
			 [ 0.000000 1.000000 0.000000 ]
			 [ 0.000000 0.000000 1.000000 ]
	Point
		DataString "Bomb"
		Position [ -159.130554 -0.467170 74.856743 ]
		Orientation
			 [ 1.000000 0.000000 0.000000 ]
			 [ 0.000000 0.984298 -0.176515 ]
			 [ 0.000000 0.176515 0.984298 ]
	Point
		DataString "Bomb"
		Position [ -190.469360 -0.467170 74.856743 ]
		Orientation
			 [ 1.000000 0.000000 0.000000 ]
			 [ 0.000000 0.984298 -0.176515 ]
			 [ 0.000000 0.176515 0.984298 ]
	Point
		DataString "Bomb"
		Position [ -159.130554 -16.784248 78.048950 ]
		Orientation
			 [ 1.000000 0.000000 0.000000 ]
			 [ 0.000000 0.984298 -0.176515 ]
			 [ 0.000000 0.176515 0.984298 ]
	Point
		DataString "Bomb"
		Position [ -190.469360 -16.784248 78.048950 ]
		Orientation
			 [ 1.000000 0.000000 0.000000 ]
			 [ 0.000000 0.984298 -0.176515 ]
			 [ 0.000000 0.176515 0.984298 ]
	Point
		DataString "Bomb"
		Position [ -99.861946 -0.471224 99.797096 ]
		Orientation
			 [ 1.000000 0.000000 0.000000 ]
			 [ 0.000000 0.984298 -0.176515 ]
			 [ 0.000000 0.176515 0.984298 ]
	Point
		DataString "Bomb"
		Position [ -99.861946 -16.788303 102.989304 ]
		Orientation
			 [ 1.000000 0.000000 0.000000 ]
			 [ 0.000000 0.984298 -0.176515 ]
			 [ 0.000000 0.176515 0.984298 ]
	Point
		DataString "Bomb"
		Position [ -68.523140 -16.788303 102.989304 ]
		Orientation
			 [ 1.000000 0.000000 0.000000 ]
			 [ 0.000000 0.984298 -0.176515 ]
			 [ 0.000000 0.176515 0.984298 ]
	Point
		DataString "Bomb"
		Position [ -68.523140 -0.471224 99.797096 ]
		Orientation
			 [ 1.000000 0.000000 0.000000 ]
			 [ 0.000000 0.984298 -0.176515 ]
			 [ 0.000000 0.176515 0.984298 ]
	NumVertices 5105
	Vertex
		Position [ 50.403709 -22.903774 258.615967 ]
		Normal [ 0.000000 1.000000 0.000000 ]
		Tangent [ 0.000000 0.498039 0.498039 ]
		Color 0
		U0 0.593430
		V0 0.661881
		U1 0.000000
		V1 0.000000
	Vertex
		Position [ -6.865809 -22.903774 258.615967 ]
		Normal [ 0.000000 1.000000 0.000000 ]
		Tangent [ 0.000000 0.498039 0.498039 ]
		Color 0
		U0 0.506578
		V0 0.661896
		U1 0.000000
		V1 0.000000
	Vertex
		Position [ -6.865809 -22.903774 253.631180 ]
		Normal [ 0.000000 1.000000 0.000000 ]
		Tangent [ 0.000000 0.498039 0.498039 ]
		Color 0
		U0 0.506696
		V0 0.665779
		U1 0.000000
		V1 0.000000
	Vertex
		Position [ 50.403709 -22.903774 253.631180 ]
		Normal [ 0.000000 1.000000 0.000000 ]
		Tangent [ 0.000000 0.498039 0.498039 ]
		Color 0
		U0 0.593524
		V0 0.665763
		U1 0.000000
		V1 0.000000
	Vertex
		Position [ -16.544025 -41.795620 258.615967 ]
		Normal [ -0.890007 0.455947 0.000000 ]
		Tangent [ -0.270588 0.941176 0.498039 ]
		Color 0
		U0 0.473460
		V0 0.661926
		U1 0.000000
		V1 0.000000
	Vertex
		Position [ -16.544025 -41.795620 253.631180 ]
		Normal [ -0.890007 0.455947 0.000000 ]
		Tangent [ -0.270588 0.941176 0.498039 ]
		Color 0
		U0 0.473460
		V0 0.665813
		U1 0.000000
		V1 0.000000
	Vertex
		Position [ -6.865809 -22.903774 253.631180 ]
		Normal [ -0.890007 0.455947 0.000000 ]
		Tangent [ -0.270588 0.941176 0.498039 ]
		Color 0
		U0 0.506696
		V0 0.665779
		U1 0.000000
		V1 0.000000
	Vertex
		Position [ -6.865809 -22.903774 258.615967 ]
		Normal [ -0.890007 0.455947 0.000000 ]
		Tangent [ -0.270588 0.941176 0.498039 ]
		Color 0
		U0 0.506578
		V0 0.661896
		U1 0.000000
		V1 0.000000
	Vertex
		Position [ 50.085999 -41.795620 258.615967 ]
		Normal [ 0.000000 0.000000 1.000000 ]
		Tangent [ 0.000000 0.498039 0.498039 ]
		Color 0
		U0 0.592921
		V0 0.647484
		U1 0.000000
		V1 0.000000
	Vertex
		Position [ -16.544025 -41.795620 258.615967 ]
		Normal [ 0.000000 0.000000 1.000000 ]
		Tangent [ 0.000000 0.498039 0.498039 ]
		Color 0
		U0 0.491749
		V0 0.647484
		U1 0.000000
		V1 0.000000
	Vertex
		Position [ -6.865809 -22.903774 258.615967 ]
		Normal [ 0.000000 0.000000 1.000000 ]
		Tangent [ 0.000000 0.498039 0.498039 ]
		Color 0
		U0 0.506578
		V0 0.661896
		U1 0.000000
		V1 0.000000
	Vertex
		Position [ 50.403709 -22.903774 258.615967 ]
		Normal [ 0.000000 0.000000 1.000000 ]
		Tangent [ 0.000000 0.498039 0.498039 ]
		Color 0
		U0 0.593430
		V0 0.661881
		U1 0.000000
		V1 0.000000
	Vertex
		Position [ 50.085999 -41.795620 253.631180 ]
		Normal [ -0.000000 0.000000 -1.000000 ]
		Tangent [ 0.000000 0.498039 0.498039 ]
		Color 0
		U0 0.593111
		V0 0.680130
		U1 0.000000
		V1 0.000000
	Vertex
		Position [ 50.403709 -22.903774 253.631180 ]
		Normal [ -0.000000 0.000000 -1.000000 ]
		Tangent [ 0.000000 0.498039 0.498039 ]
		Color 0
		U0 0.593524
		V0 0.665763
		U1 0.000000
		V1 0.000000
	Vertex
		Position [ -6.865809 -22.903774 253.631180 ]
		Normal [ -0.000000 0.000000 -1.000000 ]
		Tangent [ 0.000000 0.498039 0.498039 ]
		Color 0
		U0 0.506696
		V0 0.665779
		U1 0.000000
		V1 0.000000
	Vertex
		Position [ -16.544025 -41.795620 253.631180 ]
		Normal [ -0.000000 0.000000 -1.000000 ]
		Tangent [ 0.000000 0.498039 0.498039 ]
		Color 0
		U0 0.492131
		V0 0.680130
		U1 0.000000
		V1 0.000000
	Vertex
		Position [ 26.523699 107.532753 -185.274216 ]
		Normal [ 0.999945 0.010494 -0.000000 ]
		Tangent [ -0.490196 0.000000 0.486275 ]
		Color 0
		U0 0.257178
		V0 0.306795
		U1 0.000000
		V1 0.000000
	Vertex
		Position [ 26.523699 107.532753 -184.071564 ]
		Normal [ 0.999945 0.010494 -0.000000 ]
		Tangent [ -0.490196 0.000000 0.505882 ]
		Color 0
		U0 0.256851
		V0 0.303871
		U1 0.000000
		V1 0.000000
	Vertex
		Position [ 26.262672 132.405563 -184.672897 ]
		Normal [ 0.999945 0.010494 -0.000000 ]
		Tangent [ -0.490196 0.000000 0.498039 ]
		Color 0
		U0 0.070027
		V0 0.305822
		U1 0.000000
		V1 0.000000
	Vertex
		Position [ 25.885590 107.532753 -184.672897 ]
		Normal [ -0.685785 0.010397 -0.727730 ]
		Tangent [ -0.486275 0.000000 0.501961 ]
		Color 0
		U0 0.257292
		V0 0.309738
		U1 0.000000
		V1 0.000000
	Vertex
		Position [ 26.523699 107.532753 -185.274216 ]
		Normal [ -0.685785 0.010397 -0.727730 ]
		Tangent [ -0.490196 0.000000 0.486275 ]
		Color 0
		U0 0.257178
		V0 0.306795
		U1 0.000000
		V1 0.000000
	Vertex
		Position [ 26.262672 132.405563 -184.672897 ]
		Normal [ -0.685785 0.010397 -0.727730 ]
		Tangent [ -0.490196 0.000000 0.498039 ]
		Color 0
		U0 0.070027
		V0 0.305822
		U1 0.000000
		V1 0.000000
	Vertex
		Position [ 26.523699 107.532753 -184.071564 ]
		Normal [ -0.685785 0.010397 0.727730 ]
		Tangent [ -0.490196 0.000000 0.505882 ]
		Color 0
		U0 0.256851
		V0 0.303871
		U1 0.000000
		V1 0.000000
	Vertex
		Position [ 25.885590 107.532753 -184.672897 ]
		Normal [ -0.685785 0.010397 0.727730 ]
		Tangent [ -0.486275 0.000000 0.501961 ]
		Color 0
		U0 0.256612
		V0 0.301112
		U1 0.000000
		V1 0.000000
	Vertex
		Position [ 26.262672 132.405563 -184.672897 ]
		Normal [ -0.685785 0.010397 0.727730 ]
		Tangent [ -0.490196 0.000000 0.498039 ]
		Color 0
		U0 0.070027
		V0 0.305822
		U1 0.000000
		V1 0.000000
	Vertex
		Position [ -213.882034 15.058949 9.472862 ]
		Normal [ 0.000000 1.000000 0.000000 ]
		Tangent [ 0.000000 0.494118 0.498039 ]
		Color 0
		U0 0.828455
		V0 0.287568
		U1 0.000000
		V1 0.000000
	Vertex
		Position [ -215.079941 15.058949 9.472862 ]
		Normal [ 0.000000 1.000000 0.000000 ]
		Tangent [ 0.000000 0.494118 0.498039 ]
		Color 0
		U0 0.821712
		V0 0.287568
		U1 0.000000
		V1 0.000000
	Vertex
		Position [ -215.079941 15.058949 -84.145821 ]
		Normal [ 0.000000 1.000000 0.000000 ]
		Tangent [ 0.000000 0.498039 0.498039 ]
		Color 0
		U0 0.821712
		V0 0.452048
		U1 0.000000
		V1 0.000000
	Vertex
		Position [ -213.882034 15.058949 -84.145821 ]
		Normal [ 0.000000 1.000000 0.000000 ]
		Tangent [ 0.000000 0.498039 0.498039 ]
		Color 0
		U0 0.828455
		V0 0.452048
		U1 0.000000
		V1 0.000000
	Vertex
		Position [ -212.833191 9.243341 -84.145821 ]
		Normal [ -0.000000 0.000000 -1.000000 ]
		Tangent [ 0.000000 0.498039 0.498039 ]
		Color 0
		U0 0.828135
		V0 0.454977
		U1 0.000000
		V1 0.000000
	Vertex
		Position [ -213.882034 15.058949 -84.145821 ]
		Normal [ -0.000000 0.000000 -1.000000 ]
		Tangent [ 0.000000 0.498039 0.498039 ]
		Color 0
		U0 0.828455
		V0 0.452048
		U1 0.000000
		V1 0.000000
	Vertex
		Position [ -215.079941 15.058949 -84.145821 ]
		Normal [ -0.000000 0.000000 -1.000000 ]
		Tangent [ 0.000000 0.498039 0.498039 ]
		Color 0
		U0 0.821712
		V0 0.452048
		U1 0.000000
		V1 0.000000
	Vertex
		Position [ -216.128784 9.243341 -84.145821 ]
		Normal [ -0.000000 0.000000 -1.000000 ]
		Tangent [ 0.000000 0.498039 0.498039 ]
		Color 0
		U0 0.821624
		V0 0.454977
		U1 0.000000
		V1 0.000000
	Vertex
		Position [ -212.833191 9.243341 9.472862 ]
		Normal [ 0.000000 0.000000 1.000000 ]
		Tangent [ 0.000000 0.490196 0.498039 ]
		Color 0
		U0 0.828369
		V0 0.285076
		U1 0.000000
		V1 0.000000
	Vertex
		Position [ -216.128784 9.243341 9.472862 ]
		Normal [ 0.000000 0.000000 1.000000 ]
		Tangent [ 0.000000 0.490196 0.498039 ]
		Color 0
		U0 0.821932
		V0 0.285034
		U1 0.000000
		V1 0.000000
	Vertex
		Position [ -215.079941 15.058949 9.472862 ]
		Normal [ 0.000000 0.000000 1.000000 ]
		Tangent [ 0.000000 0.494118 0.498039 ]
		Color 0
		U0 0.821712
		V0 0.287568
		U1 0.000000
		V1 0.000000
	Vertex
		Position [ -213.882034 15.058949 9.472862 ]
		Normal [ 0.000000 0.000000 1.000000 ]
		Tangent [ 0.000000 0.494118 0.498039 ]
		Color 0
		U0 0.828455
		V0 0.287568
		U1 0.000000
		V1 0.000000
	Vertex
		Position [ -216.128784 9.243341 9.472862 ]
		Normal [ -0.984123 0.177486 0.000000 ]
		Tangent [ -0.407843 0.988235 0.498039 ]
		Color 0
		U0 0.816473
		V0 0.287568
		U1 0.000000
		V1 0.000000
	Vertex
		Position [ -216.128784 9.243341 -84.145821 ]
		Normal [ -0.984123 0.177486 0.000000 ]
		Tangent [ -0.407843 0.988235 0.498039 ]
		Color 0
		U0 0.815808
		V0 0.452048
		U1 0.000000
		V1 0.000000
	Vertex
		Position [ -215.079941 15.058949 -84.145821 ]
		Normal [ -0.984123 0.177486 0.000000 ]
		Tangent [ -0.407843 0.988235 0.498039 ]
		Color 0
		U0 0.821712
		V0 0.452048
		U1 0.000000
		V1 0.000000
	Vertex
		Position [ -215.079941 15.058949 9.472862 ]
		Normal [ -0.984123 0.177486 0.000000 ]
		Tangent [ -0.407843 0.988235 0.498039 ]
		Color 0
		U0 0.821712
		V0 0.287568
		U1 0.000000
		V1 0.000000
	Vertex
		Position [ -212.833191 9.243341 9.472862 ]
		Normal [ 0.984123 0.177486 -0.000000 ]
		Tangent [ -0.407843 0.007843 0.498039 ]
		Color 0
		U0 0.834226
		V0 0.287526
		U1 0.000000
		V1 0.000000
	Vertex
		Position [ -213.882034 15.058949 9.472862 ]
		Normal [ 0.984123 0.177486 -0.000000 ]
		Tangent [ -0.407843 0.007843 0.498039 ]
		Color 0
		U0 0.828455
		V0 0.287568
		U1 0.000000
		V1 0.000000
	Vertex
		Position [ -213.882034 15.058949 -84.145821 ]
		Normal [ 0.984123 0.177486 -0.000000 ]
		Tangent [ -0.407843 0.007843 0.498039 ]
		Color 0
		U0 0.828455
		V0 0.452048
		U1 0.000000
		V1 0.000000
	Vertex
		Position [ -212.833191 9.243341 -84.145821 ]
		Normal [ 0.984123 0.177486 -0.000000 ]
		Tangent [ -0.407843 0.007843 0.498039 ]
		Color 0
		U0 0.834359
		V0 0.452048
		U1 0.000000
		V1 0.000000
	Vertex
		Position [ 50.146580 -41.795620 227.686966 ]
		Normal [ -0.000000 0.000000 -1.000000 ]
		Tangent [ 0.000000 0.498039 0.498039 ]
		Color 0
		U0 0.593111
		V0 0.680130
		U1 0.000000
		V1 0.000000
	Vertex
		Position [ 50.464291 -22.903774 227.686966 ]
		Normal [ -0.000000 0.000000 -1.000000 ]
		Tangent [ 0.000000 0.498039 0.498039 ]
		Color 0
		U0 0.593524
		V0 0.665763
		U1 0.000000
		V1 0.000000
	Vertex
		Position [ -6.805228 -22.903774 227.686966 ]
		Normal [ -0.000000 0.000000 -1.000000 ]
		Tangent [ 0.000000 0.498039 0.498039 ]
		Color 0
		U0 0.506696
		V0 0.665779
		U1 0.000000
		V1 0.000000
	Vertex
		Position [ -16.483446 -41.795620 227.686966 ]
		Normal [ -0.000000 0.000000 -1.000000 ]
		Tangent [ 0.000000 0.498039 0.498039 ]
		Color 0
		U0 0.492131
		V0 0.680130
		U1 0.000000
		V1 0.000000
	Vertex
		Position [ 50.146580 -41.795620 232.671753 ]
		Normal [ 0.000000 0.000000 1.000000 ]
		Tangent [ 0.000000 0.498039 0.498039 ]
		Color 0
		U0 0.592921
		V0 0.647484
		U1 0.000000
		V1 0.000000
	Vertex
		Position [ -16.483444 -41.795620 232.671753 ]
		Normal [ 0.000000 0.000000 1.000000 ]
		Tangent [ 0.000000 0.498039 0.498039 ]
		Color 0
		U0 0.491749
		V0 0.647484
		U1 0.000000
		V1 0.000000
	Vertex
		Position [ -6.805227 -22.903774 232.671753 ]
		Normal [ 0.000000 0.000000 1.000000 ]
		Tangent [ 0.000000 0.498039 0.498039 ]
		Color 0
		U0 0.506578
		V0 0.661896
		U1 0.000000
		V1 0.000000
	Vertex
		Position [ 50.464291 -22.903774 232.671753 ]
		Normal [ 0.000000 0.000000 1.000000 ]
		Tangent [ 0.000000 0.498039 0.498039 ]
		Color 0
		U0 0.593430
		V0 0.661881
		U1 0.000000
		V1 0.000000
	Vertex
		Position [ -16.483444 -41.795620 232.671753 ]
		Normal [ -0.890007 0.455947 0.000000 ]
		Tangent [ -0.270588 0.941176 0.498039 ]
		Color 0
		U0 0.473460
		V0 0.661926
		U1 0.000000
		V1 0.000000
	Vertex
		Position [ -16.483446 -41.795620 227.686966 ]
		Normal [ -0.890007 0.455947 0.000000 ]
		Tangent [ -0.270588 0.941176 0.498039 ]
		Color 0
		U0 0.473460
		V0 0.665813
		U1 0.000000
		V1 0.000000
	Vertex
		Position [ -6.805228 -22.903774 227.686966 ]
		Normal [ -0.890007 0.455947 0.000000 ]
		Tangent [ -0.270588 0.941176 0.498039 ]
		Color 0
		U0 0.506696
		V0 0.665779
		U1 0.000000
		V1 0.000000
	Vertex
		Position [ -6.805227 -22.903774 232.671753 ]
		Normal [ -0.890007 0.455947 0.000000 ]
		Tangent [ -0.270588 0.941176 0.498039 ]
		Color 0
		U0 0.506578
		V0 0.661896
		U1 0.000000
		V1 0.000000
	Vertex
		Position [ 50.464291 -22.903774 232.671753 ]
		Normal [ 0.000000 1.000000 0.000000 ]
		Tangent [ 0.000000 0.498039 0.498039 ]
		Color 0
		U0 0.593430
		V0 0.661881
		U1 0.000000
		V1 0.000000
	Vertex
		Position [ -6.805227 -22.903774 232.671753 ]
		Normal [ 0.000000 1.000000 0.000000 ]
		Tangent [ 0.000000 0.498039 0.498039 ]
		Color 0
		U0 0.506578
		V0 0.661896
		U1 0.000000
		V1 0.000000
	Vertex
		Position [ -6.805228 -22.903774 227.686966 ]
		Normal [ 0.000000 1.000000 0.000000 ]
		Tangent [ 0.000000 0.498039 0.498039 ]
		Color 0
		U0 0.506696
		V0 0.665779
		U1 0.000000
		V1 0.000000
	Vertex
		Position [ 50.464291 -22.903774 227.686966 ]
		Normal [ 0.000000 1.000000 0.000000 ]
		Tangent [ 0.000000 0.498039 0.498039 ]
		Color 0
		U0 0.593524
		V0 0.665763
		U1 0.000000
		V1 0.000000
	Vertex
		Position [ 50.085999 -41.795620 241.049271 ]
		Normal [ -0.000000 0.000000 -1.000000 ]
		Tangent [ 0.000000 0.498039 0.498039 ]
		Color 0
		U0 0.593111
		V0 0.680130
		U1 0.000000
		V1 0.000000
	Vertex
		Position [ 50.403709 -22.903774 241.049271 ]
		Normal [ -0.000000 0.000000 -1.000000 ]
		Tangent [ 0.000000 0.498039 0.498039 ]
		Color 0
		U0 0.593524
		V0 0.665763
		U1 0.000000
		V1 0.000000
	Vertex
		Position [ -6.865811 -22.903774 241.049271 ]
		Normal [ -0.000000 0.000000 -1.000000 ]
		Tangent [ 0.000000 0.498039 0.498039 ]
		Color 0
		U0 0.506696
		V0 0.665779
		U1 0.000000
		V1 0.000000
	Vertex
		Position [ -16.544027 -41.795620 241.049271 ]
		Normal [ -0.000000 0.000000 -1.000000 ]
		Tangent [ 0.000000 0.498039 0.498039 ]
		Color 0
		U0 0.492131
		V0 0.680130
		U1 0.000000
		V1 0.000000
	Vertex
		Position [ 50.085999 -41.795620 246.034042 ]
		Normal [ 0.000000 0.000000 1.000000 ]
		Tangent [ 0.000000 0.498039 0.498039 ]
		Color 0
		U0 0.592921
		V0 0.647484
		U1 0.000000
		V1 0.000000
	Vertex
		Position [ -16.544027 -41.795620 246.034042 ]
		Normal [ 0.000000 0.000000 1.000000 ]
		Tangent [ 0.000000 0.498039 0.498039 ]
		Color 0
		U0 0.491749
		V0 0.647484
		U1 0.000000
		V1 0.000000
	Vertex
		Position [ -6.865810 -22.903774 246.034042 ]
		Normal [ 0.000000 0.000000 1.000000 ]
		Tangent [ 0.000000 0.498039 0.498039 ]
		Color 0
		U0 0.506578
		V0 0.661896
		U1 0.000000
		V1 0.000000
	Vertex
		Position [ 50.403709 -22.903774 246.034042 ]
		Normal [ 0.000000 0.000000 1.000000 ]
		Tangent [ 0.000000 0.498039 0.498039 ]
		Color 0
		U0 0.593430
		V0 0.661881
		U1 0.000000
		V1 0.000000
	Vertex
		Position [ -16.544027 -41.795620 246.034042 ]
		Normal [ -0.890007 0.455947 0.000000 ]
		Tangent [ -0.270588 0.941176 0.498039 ]
		Color 0
		U0 0.473460
		V0 0.661926
		U1 0.000000
		V1 0.000000
	Vertex
		Position [ -16.544027 -41.795620 241.049271 ]
		Normal [ -0.890007 0.455947 0.000000 ]
		Tangent [ -0.270588 0.941176 0.498039 ]
		Color 0
		U0 0.473460
		V0 0.665813
		U1 0.000000
		V1 0.000000
	Vertex
		Position [ -6.865811 -22.903774 241.049271 ]
		Normal [ -0.890007 0.455947 0.000000 ]
		Tangent [ -0.270588 0.941176 0.498039 ]
		Color 0
		U0 0.506696
		V0 0.665779
		U1 0.000000
		V1 0.000000
	Vertex
		Position [ -6.865810 -22.903774 246.034042 ]
		Normal [ -0.890007 0.455947 0.000000 ]
		Tangent [ -0.270588 0.941176 0.498039 ]
		Color 0
		U0 0.506578
		V0 0.661896
		U1 0.000000
		V1 0.000000
	Vertex
		Position [ 50.403709 -22.903774 246.034042 ]
		Normal [ 0.000000 1.000000 0.000000 ]
		Tangent [ 0.000000 0.498039 0.498039 ]
		Color 0
		U0 0.593430
		V0 0.661881
		U1 0.000000
		V1 0.000000
	Vertex
		Position [ -6.865810 -22.903774 246.034042 ]
		Normal [ 0.000000 1.000000 0.000000 ]
		Tangent [ 0.000000 0.498039 0.498039 ]
		Color 0
		U0 0.506578
		V0 0.661896
		U1 0.000000
		V1 0.000000
	Vertex
		Position [ -6.865811 -22.903774 241.049271 ]
		Normal [ 0.000000 1.000000 0.000000 ]
		Tangent [ 0.000000 0.498039 0.498039 ]
		Color 0
		U0 0.506696
		V0 0.665779
		U1 0.000000
		V1 0.000000
	Vertex
		Position [ 50.403709 -22.903774 241.049271 ]
		Normal [ 0.000000 1.000000 0.000000 ]
		Tangent [ 0.000000 0.498039 0.498039 ]
		Color 0
		U0 0.593524
		V0 0.665763
		U1 0.000000
		V1 0.000000
	Vertex
		Position [ -99.765068 19.083790 -289.733612 ]
		Normal [ -0.000000 0.000000 -1.000000 ]
		Tangent [ -0.498039 1.000000 0.498039 ]
		Color 0
		U0 0.394185
		V0 0.325554
		U1 0.000000
		V1 0.000000
	Vertex
		Position [ -99.765068 -17.710297 -289.733612 ]
		Normal [ -0.000000 0.000000 -1.000000 ]
		Tangent [ -0.498039 1.000000 0.498039 ]
		Color 0
		U0 0.341994
		V0 0.325554
		U1 0.000000
		V1 0.000000
	Vertex
		Position [ -95.696075 -13.488570 -289.733612 ]
		Normal [ -0.000000 0.000000 -1.000000 ]
		Tangent [ -0.498039 1.000000 0.498039 ]
		Color 0
		U0 0.347983
		V0 0.328686
		U1 0.000000
		V1 0.000000
	Vertex
		Position [ -95.696075 14.862065 -289.733612 ]
		Normal [ -0.000000 0.000000 -1.000000 ]
		Tangent [ -0.498039 1.000000 0.498039 ]
		Color 0
		U0 0.388197
		V0 0.328686
		U1 0.000000
		V1 0.000000
	Vertex
		Position [ -128.147278 -10.331469 -289.733612 ]
		Normal [ -0.000000 0.000000 -1.000000 ]
		Tangent [ -0.498039 1.000000 0.498039 ]
		Color 0
		U0 0.352461
		V0 0.303714
		U1 0.000000
		V1 0.000000
	Vertex
		Position [ -128.147278 11.704963 -289.733612 ]
		Normal [ -0.000000 0.000000 -1.000000 ]
		Tangent [ -0.498039 1.000000 0.498039 ]
		Color 0
		U0 0.383719
		V0 0.303714
		U1 0.000000
		V1 0.000000
	Vertex
		Position [ -132.442322 9.191988 -289.733612 ]
		Normal [ -0.000000 0.000000 -1.000000 ]
		Tangent [ -0.498039 1.000000 0.498039 ]
		Color 0
		U0 0.380154
		V0 0.300409
		U1 0.000000
		V1 0.000000
	Vertex
		Position [ -132.442322 -7.818493 -289.733612 ]
		Normal [ -0.000000 0.000000 -1.000000 ]
		Tangent [ -0.498039 1.000000 0.498039 ]
		Color 0
		U0 0.356025
		V0 0.300409
		U1 0.000000
		V1 0.000000
	Vertex
		Position [ -137.013153 -4.988058 -283.429169 ]
		Normal [ -1.000000 0.000000 0.000000 ]
		Tangent [ -0.498039 0.498039 0.996078 ]
		Color 0
		U0 0.382681
		V0 0.333306
		U1 0.000000
		V1 0.000000
	Vertex
		Position [ -137.013153 -9.457893 -288.648163 ]
		Normal [ -0.982482 0.000000 -0.186355 ]
		Tangent [ -0.580392 0.450980 0.988235 ]
		Color 0
		U0 0.375920
		V0 0.330382
		U1 0.000000
		V1 0.000000
	Vertex
		Position [ -137.013153 10.831388 -288.648163 ]
		Normal [ -0.982482 0.000000 -0.186355 ]
		Tangent [ -0.572549 0.552941 0.988235 ]
		Color 0
		U0 0.375776
		V0 0.343643
		U1 0.000000
		V1 0.000000
	Vertex
		Position [ -137.013153 6.529236 -283.382935 ]
		Normal [ -1.000000 0.000000 0.000000 ]
		Tangent [ -0.498039 0.498039 0.996078 ]
		Color 0
		U0 0.382740
		V0 0.340838
		U1 0.000000
		V1 0.000000
	Vertex
		Position [ -137.013138 10.831388 -258.433319 ]
		Normal [ -1.000000 0.000000 0.000000 ]
		Tangent [ -0.498039 0.498039 0.996078 ]
		Color 0
		U0 0.414899
		V0 0.343670
		U1 0.000000
		V1 0.000000
	Vertex
		Position [ -137.013138 6.268863 -258.433319 ]
		Normal [ -1.000000 0.000000 0.000000 ]
		Tangent [ -0.498039 0.498039 0.996078 ]
		Color 0
		U0 0.415057
		V0 0.340667
		U1 0.000000
		V1 0.000000
	Vertex
		Position [ -137.013138 6.268863 -206.063095 ]
		Normal [ 0.000000 1.000000 0.000000 ]
		Tangent [ 0.000000 0.498039 0.494118 ]
		Color 0
		U0 0.436905
		V0 0.286437
		U1 0.000000
		V1 0.000000
	Vertex
		Position [ -147.199249 6.268863 -216.801041 ]
		Normal [ 0.009195 0.999952 0.003362 ]
		Tangent [ 0.000000 0.494118 0.494118 ]
		Color 0
		U0 0.425379
		V0 0.292466
		U1 0.000000
		V1 0.000000
	Vertex
		Position [ -137.013138 6.268863 -258.433319 ]
		Normal [ 0.009195 0.999952 0.003362 ]
		Tangent [ 0.000000 0.494118 0.494118 ]
		Color 0
		U0 0.436905
		V0 0.315621
		U1 0.000000
		V1 0.000000
	Vertex
		Position [ -137.013138 -5.493474 -206.063095 ]
		Normal [ 0.000000 -1.000000 0.000000 ]
		Tangent [ -0.996078 0.498039 0.490196 ]
		Color 0
		U0 0.400544
		V0 0.286696
		U1 0.000000
		V1 0.000000
	Vertex
		Position [ -137.013138 -5.493474 -258.433319 ]
		Normal [ -0.017819 -0.999820 -0.006515 ]
		Tangent [ -0.996078 0.505882 0.490196 ]
		Color 0
		U0 0.401225
		V0 0.315712
		U1 0.000000
		V1 0.000000
	Vertex
		Position [ -147.199249 -5.493474 -216.801041 ]
		Normal [ -0.017819 -0.999820 -0.006515 ]
		Tangent [ -0.996078 0.505882 0.490196 ]
		Color 0
		U0 0.412051
		V0 0.292544
		U1 0.000000
		V1 0.000000
	Vertex
		Position [ -147.199265 -4.988058 -269.340637 ]
		Normal [ -0.035632 -0.999280 -0.013028 ]
		Tangent [ -0.996078 0.517647 0.490196 ]
		Color 0
		U0 0.412687
		V0 0.321682
		U1 0.000000
		V1 0.000000
	Vertex
		Position [ -137.013153 -4.988058 -283.429169 ]
		Normal [ -0.035632 -0.999280 -0.013028 ]
		Tangent [ -0.996078 0.517647 0.490196 ]
		Color 0
		U0 0.401561
		V0 0.329563
		U1 0.000000
		V1 0.000000
	Vertex
		Position [ -147.199265 6.529236 -269.294403 ]
		Normal [ -0.810375 0.002352 -0.585907 ]
		Tangent [ -0.498039 0.996078 0.498039 ]
		Color 0
		U0 0.425514
		V0 0.321659
		U1 0.000000
		V1 0.000000
	Vertex
		Position [ -147.199265 -4.988058 -269.340637 ]
		Normal [ -0.810375 0.002352 -0.585907 ]
		Tangent [ -0.498039 0.996078 0.498039 ]
		Color 0
		U0 0.412687
		V0 0.321682
		U1 0.000000
		V1 0.000000
	Vertex
		Position [ -137.013153 -4.988058 -283.429169 ]
		Normal [ -0.810375 0.002352 -0.585907 ]
		Tangent [ -0.498039 0.996078 0.498039 ]
		Color 0
		U0 0.412709
		V0 0.329271
		U1 0.000000
		V1 0.000000
	Vertex
		Position [ -137.013153 6.529236 -283.382935 ]
		Normal [ -0.810375 0.002352 -0.585907 ]
		Tangent [ -0.498039 0.996078 0.498039 ]
		Color 0
		U0 0.425508
		V0 0.329245
		U1 0.000000
		V1 0.000000
	Vertex
		Position [ -147.199265 6.529236 -269.294403 ]
		Normal [ 0.018388 0.999808 0.006723 ]
		Tangent [ 0.000000 0.490196 0.498039 ]
		Color 0
		U0 0.425514
		V0 0.321659
		U1 0.000000
		V1 0.000000
	Vertex
		Position [ -137.013153 6.529236 -283.382935 ]
		Normal [ 0.018388 0.999808 0.006723 ]
		Tangent [ 0.000000 0.490196 0.498039 ]
		Color 0
		U0 0.436902
		V0 0.329525
		U1 0.000000
		V1 0.000000
	Vertex
		Position [ -147.199249 -5.493474 -216.801041 ]
		Normal [ -0.725503 0.000000 0.688219 ]
		Tangent [ -0.498039 0.996078 0.494118 ]
		Color 0
		U0 0.412051
		V0 0.292544
		U1 0.000000
		V1 0.000000
	Vertex
		Position [ -147.199249 6.268863 -216.801041 ]
		Normal [ -0.725503 0.000000 0.688219 ]
		Tangent [ -0.498039 0.996078 0.494118 ]
		Color 0
		U0 0.425379
		V0 0.292466
		U1 0.000000
		V1 0.000000
	Vertex
		Position [ -137.013138 6.268863 -206.063095 ]
		Normal [ -0.725503 0.000000 0.688219 ]
		Tangent [ -0.501961 0.996078 0.494118 ]
		Color 0
		U0 0.425215
		V0 0.286321
		U1 0.000000
		V1 0.000000
	Vertex
		Position [ -137.013138 -5.493474 -206.063095 ]
		Normal [ -0.725503 0.000000 0.688219 ]
		Tangent [ -0.501961 0.996078 0.494118 ]
		Color 0
		U0 0.412144
		V0 0.286321
		U1 0.000000
		V1 0.000000
	Vertex
		Position [ -147.199249 -5.493474 -216.801041 ]
		Normal [ -1.000000 0.000000 0.000000 ]
		Tangent [ -0.498039 0.996078 0.494118 ]
		Color 0
		U0 0.412051
		V0 0.292544
		U1 0.000000
		V1 0.000000
	Vertex
		Position [ -147.199265 -4.988058 -269.340637 ]
		Normal [ -1.000000 0.000000 0.000000 ]
		Tangent [ -0.498039 0.996078 0.498039 ]
		Color 0
		U0 0.412687
		V0 0.321682
		U1 0.000000
		V1 0.000000
	Vertex
		Position [ -147.199265 6.529236 -269.294403 ]
		Normal [ -1.000000 0.000000 0.000000 ]
		Tangent [ -0.498039 0.996078 0.498039 ]
		Color 0
		U0 0.425514
		V0 0.321659
		U1 0.000000
		V1 0.000000
	Vertex
		Position [ -147.199249 6.268863 -216.801041 ]
		Normal [ -1.000000 0.000000 0.000000 ]
		Tangent [ -0.498039 0.996078 0.494118 ]
		Color 0
		U0 0.425379
		V0 0.292466
		U1 0.000000
		V1 0.000000
	Vertex
		Position [ -95.696075 -13.488570 -289.733612 ]
		Normal [ -0.720011 0.693963 0.000000 ]
		Tangent [ -0.498039 0.498039 0.000000 ]
		Color 0
		U0 0.419939
		V0 0.409757
		U1 0.000000
		V1 0.000000
	Vertex
		Position [ -99.765068 -17.710297 -289.733612 ]
		Normal [ -0.720011 0.693963 0.000000 ]
		Tangent [ -0.498039 0.498039 0.000000 ]
		Color 0
		U0 0.419963
		V0 0.413711
		U1 0.000000
		V1 0.000000
	Vertex
		Position [ -99.765076 -17.710297 -309.543762 ]
		Normal [ -0.720011 0.693963 0.000000 ]
		Tangent [ -0.498039 0.498039 0.000000 ]
		Color 0
		U0 0.437381
		V0 0.413711
		U1 0.000000
		V1 0.000000
	Vertex
		Position [ -95.696083 -13.488570 -311.256531 ]
		Normal [ -0.720011 0.693963 0.000000 ]
		Tangent [ -0.498039 0.498039 0.000000 ]
		Color 0
		U0 0.437400
		V0 0.409757
		U1 0.000000
		V1 0.000000
	Vertex
		Position [ -95.696075 14.862065 -289.733612 ]
		Normal [ -1.000000 0.000000 0.000000 ]
		Tangent [ -0.498039 0.498039 0.000000 ]
		Color 0
		U0 0.419936
		V0 0.389288
		U1 0.000000
		V1 0.000000
	Vertex
		Position [ -95.696075 -13.488570 -289.733612 ]
		Normal [ -1.000000 0.000000 0.000000 ]
		Tangent [ -0.498039 0.498039 0.000000 ]
		Color 0
		U0 0.419939
		V0 0.409757
		U1 0.000000
		V1 0.000000
	Vertex
		Position [ -95.696083 -13.488570 -311.256531 ]
		Normal [ -1.000000 0.000000 0.000000 ]
		Tangent [ -0.498039 0.498039 0.000000 ]
		Color 0
		U0 0.437400
		V0 0.409757
		U1 0.000000
		V1 0.000000
	Vertex
		Position [ -95.696083 14.862065 -311.256531 ]
		Normal [ -1.000000 0.000000 0.000000 ]
		Tangent [ -0.498039 0.498039 0.000000 ]
		Color 0
		U0 0.437441
		V0 0.389288
		U1 0.000000
		V1 0.000000
	Vertex
		Position [ -99.765068 19.083790 -289.733612 ]
		Normal [ -0.720011 -0.693963 0.000000 ]
		Tangent [ -0.498039 0.498039 0.000000 ]
		Color 0
		U0 0.420063
		V0 0.385067
		U1 0.000000
		V1 0.000000
	Vertex
		Position [ -95.696075 14.862065 -289.733612 ]
		Normal [ -0.720011 -0.693963 0.000000 ]
		Tangent [ -0.498039 0.498039 0.000000 ]
		Color 0
		U0 0.419936
		V0 0.389288
		U1 0.000000
		V1 0.000000
	Vertex
		Position [ -95.696083 14.862065 -311.256531 ]
		Normal [ -0.720011 -0.693963 0.000000 ]
		Tangent [ -0.498039 0.498039 0.000000 ]
		Color 0
		U0 0.437441
		V0 0.389288
		U1 0.000000
		V1 0.000000
	Vertex
